Regressao Logistica LBP

	Reg:0.0031622776601683794 Acuracia: 87.09090909090908
	Reg:0.010000000000000002 Acuracia: 87.45454545454545
	Reg:0.0316227766016838 Acuracia: 86.36363636363636
	Reg:0.10000000000000003 Acuracia: 86.36363636363636
	Reg:0.31622776601683805 Acuracia: 86.54545454545455
	Reg:1.0000000000000004 Acuracia: 86.36363636363636
	Reg:3.162277660168381 Acuracia: 86.54545454545455
	Reg:10.000000000000005 Acuracia: 87.27272727272727
	Reg:31.62277660168381 Acuracia: 87.27272727272727
	Reg:100.00000000000006 Acuracia: 87.09090909090908
	Usando a segunda opcao foi obtido
		ac no cross validation 85.81
		ac no train 99.5
		posicao kaggle 0.531666

	array([[53,  0,  0,  2,  0,  1,  3,  0,  1,  0],
       		     [ 0, 35,  1,  0,  0,  0,  1,  0,  4,  1],
      	 	     [ 0,  5, 39,  2,  0,  0,  3,  1,  2,  1],
       		     [ 0,  2,  1, 55,  0,  0,  0,  1,  0,  0],
       		     [ 0,  7,  2,  0, 39,  0,  1,  0,  5,  0],
		     [ 0,  3,  2,  0,  2, 60,  0,  0,  1,  0],
       		     [ 0,  1,  2,  1,  1,  0, 56,  0,  0,  0],
      	 	     [ 0,  1,  0,  1,  0,  0,  0, 55,  0,  0],
     	 	     [ 0,  6,  1,  1,  2,  1,  2,  0, 42,  0],
       		     [ 0,  0,  0,  0,  3,  0,  0,  0,  0, 38]])

Regressao Logistica LBP em cima do ruido

	Reg: 0.0031622776601683794 Acuracia: 86.36363636363636
	Reg: 0.010000000000000002 Acuracia: 86.0
	Reg: 0.0316227766016838 Acuracia: 86.54545454545455
	Reg: 0.10000000000000003 Acuracia: 87.27272727272727
	Reg: 0.31622776601683805 Acuracia: 86.18181818181819
	Reg: 1.0000000000000004 Acuracia: 86.9090909090909
	Reg: 3.162277660168381 Acuracia: 85.63636363636363
	Reg: 10.000000000000005 Acuracia: 86.72727272727273
	Reg: 31.62277660168381 Acuracia: 85.81818181818181
	Reg: 100.00000000000006 Acuracia: 86.36363636363636	
	Usando quarta opcao foi obtido
		ac no cross validation 87.2
		ac no train 99.9
		posicao kaggle 0.449583

	array([[56,  0,  0,  0,  0,  1,  0,  1,  2,  0],
       		     [ 0, 28,  2,  1,  6,  0,  1,  0,  4,  0],
    	   	     [ 1,  7, 40,  0,  2,  0,  2,  0,  1,  0],
       		     [ 1,  3,  1, 52,  0,  0,  0,  1,  1,  0],
       		     [ 0,  2,  2,  0, 47,  0,  0,  0,  3,  0],
       	             [ 1,  0,  3,  2,  1, 61,  0,  0,  0,  0],
       	             [ 0,  0,  0,  0,  1,  1, 57,  1,  1,  0],
       		     [ 0,  0,  0,  1,  0,  0,  0, 56,  0,  0],
      	 	     [ 0,  1,  3,  0,  2,  3,  2,  1, 43,  0],
       		     [ 0,  0,  0,  0,  0,  0,  0,  0,  0, 41]])

Regressao Logistica com ZNCC
['iPhone-6', 'Motorola-Droid-Maxx', 'Motorola-X', 'Motorola-Nexus-6', 'iPhone-4s', 'Samsung-Galaxy-S4', 'HTC-1-M7', 'Sony-NEX-7', 'Samsung-Galaxy-Note3', 'LG-Nexus-5x']

	Reg: 0.0031622776601683794 Acuracia: 94.72727272727272
	Reg: 0.010000000000000002 Acuracia: 94.72727272727272
	Reg: 0.0316227766016838 Acuracia: 94.9090909090909
	Reg: 0.10000000000000003 Acuracia: 94.54545454545455
	Reg: 0.31622776601683805 Acuracia: 94.36363636363636
	Reg: 1.0000000000000004 Acuracia: 94.0
	Reg: 3.162277660168381 Acuracia: 90.72727272727272
	Reg: 10.000000000000005 Acuracia: 68.54545454545455
	Reg: 31.62277660168381 Acuracia: 36.54545454545455
	Reg: 100.00000000000006 Acuracia: 29.272727272727273
	Usando terceira opcao foi obtido
		ac cross validation 94.4
		ac train 95.86
		kaggle 0.282291

	array([[56,  0,  0,  0,  3,  1,  0,  0,  0,  0],
       [ 1, 40,  0,  0,  1,  0,  0,  0,  0,  0],
       [ 1,  3, 42,  0,  4,  0,  0,  0,  3,  0],
       [ 0,  0,  0, 59,  0,  0,  0,  0,  0,  0],
       [ 0,  0,  0,  0, 53,  0,  0,  0,  1,  0],
       [ 0,  0,  0,  0,  2, 64,  0,  0,  2,  0],
       [ 1,  0,  0,  0,  0,  0, 60,  0,  0,  0],
       [ 0,  0,  0,  0,  0,  0,  0, 57,  0,  0],
       [ 0,  1,  0,  0,  3,  1,  0,  0, 50,  0],
       [ 0,  0,  0,  0,  0,  0,  0,  0,  0, 41]])